-----------
1
0 0 1 1
-----------
expected output: 1

-----------
2
0 0 1 1
1 1 2 2
-----------
expected output: 1

-----------
2
0 0 1 1
0 0 2 2
-----------
expected output: 2

-----------
4
0 0 1 1
0 0 2 2
0 0 3 3
0 0 4 4
-----------
expected output: 4

-----------
4
0 0 1 1
0 0 2 2
2 2 3 3
3 3 4 4
-----------
expected output: 2

-----------
4
0 0 1 1
0 0 2 2
2 2 3 3
2 2 4 4
-----------
expected output: 2

-----------
10
0 0 1 1
1 1 2 2
2 2 3 3
3 3 4 4
4 4 5 5
0 0 5 5
4 4 7 7
1 2 3 4
2 3 4 5
3 4 5 6
-----------
expected output: 5

-----------
4
0 0 10 10
1 1 9 9
3 3 10 10
3 3 5 6
-----------
expected output: 4

-----------
4
0 0 10 10
1 1 9 9
4 4 10 10
3 3 5 6
-----------
expected output: 4

-----------
3
100 100 200 200
50 60 200 350
150 250 160 260
-----------
expected output: 2